222333418.613345	295056483.219203	241563339.499251	168503133.504566	112711328.506326	63361784.875217	36892665.955471	38910112.224639	19239899.812614	19008624.486981	15490891.700702	9181374.976665	7810544.200280	5387841.115488	4876163.021697	3101705.146240	5319726.427169	2175221.557686	2302953.928620	566831.701406	1114167.603879	1819048.700276	2082879.814371	1792447.694298	-251319.317294	-1014113.750258	59129.970597	637458.844148	566396.414004	100378.031791	182275.146960	532265.435328	550213.565733	237658.285231	47291.333288	-88978.326636	113841.687036	215123.273605	51668.394943	121586.800055	-13035.888190	-14743.994361	-36210.934314	-11036.051998	-31934.855444	-11853.995655	18481.634135	-1059.898840	-15647.359537	12998.569557	-2167.298680	3208.243856	-7274.572675	230194651.690388	299175636.661512	267278830.484405	160410062.850970	117663331.959493	82764330.777227	55473929.012390	47375116.756382	30830645.625962	26614658.162216	16272292.784789	11236549.514665	9675780.729076	8194483.395668	8132037.302472	5343060.351762	9001156.987335	2562303.534904	4172577.913217	-410924.802128	1193178.633844	2275142.478168	2743352.100745	2127598.065741	-1134314.797794	-2319848.313039	-416841.994397	164926.292073	231365.202461	-197152.480834	314232.984782	718642.493244	957786.793938	463950.059539	235226.875383	-251496.622155	23934.353406	153592.591582	108778.891979	126431.237609	-45942.247148	46126.287750	-37623.886562	-7817.951349	-60957.698558	-1975.508702	31530.909536	12436.312638	-11379.425000	30121.956657	-14338.442590	-1419.265099	-5880.778022	
295056483.219203	458552332.647736	446979403.572841	190506020.445418	195344573.539985	161970028.540893	78189979.653023	62957270.396751	43602796.291540	35364741.010976	25943109.943977	16470461.573194	15030136.049862	10206219.316999	7957324.057568	4255374.070269	7367619.809561	3719050.718836	4321520.768454	2265792.409666	1825552.050553	3240768.149278	3213253.987170	3091396.908316	-252761.505208	-1754028.630349	-197664.305498	315284.649712	172438.884540	250510.635423	372275.068009	642563.044147	958039.094904	283399.512765	6180.851009	-92444.011582	166489.558215	278761.445975	77947.366617	154360.255836	7506.276180	6459.002213	-48767.907032	-11869.798644	-36143.444196	10139.254005	30248.686382	2074.163199	-27072.318446	17439.950217	2977.904717	6797.808142	-7569.788093	300402762.905605	462828201.008176	475529585.712966	169556237.075130	197014194.456752	186378694.006598	104996247.519137	72792662.797638	61400778.489818	47350455.669471	29540721.104214	18361741.744458	17100692.427724	12835157.727780	11069174.103676	6412447.160787	11212134.203445	2601795.198003	6257644.640952	398392.754458	1348105.424055	3399100.536875	3139056.575750	3024017.165020	-1453115.620043	-3588695.213715	-1225003.305785	-794803.568346	-321514.556183	34687.584721	588616.646462	877427.767298	1471928.910085	588226.881734	112592.940615	-348738.168816	86250.231881	209048.780385	139238.805917	191193.007608	-15330.285490	145244.910155	-63232.896869	-52955.341843	-78214.456060	30308.488279	43175.404853	5756.079472	-13401.231830	38849.036354	-15657.486348	1257.308144	-3517.003673	
241563339.499251	446979403.572841	553413081.699827	124861364.272808	203839750.589211	268307349.424919	116549147.113069	65794608.014630	75109007.977416	46220516.741763	32792860.384618	19312447.623392	19786040.866609	10915677.541003	9614641.864917	4626722.899816	7709777.450390	6505621.763579	6032736.075592	5193861.314333	1974228.295405	3629574.704285	3990136.257451	4105939.318724	-80180.878912	-1920318.616037	-144545.603533	129695.288497	-380603.105019	227812.946136	507536.810997	720171.888013	1236840.695501	137249.456241	-159109.150727	-80957.789400	124780.541660	229955.171195	62838.312661	132063.243750	42851.837353	23849.579693	-46057.725327	8606.898624	-21342.744776	48293.806623	29765.311461	572.629144	-28164.339180	10981.016289	10965.312424	7993.548647	-3632.915968	240414373.135794	455456658.293041	583126718.139164	100596643.364776	205303608.546841	292183865.530930	146092451.274039	74393043.608201	92531458.017977	60270285.593270	41344390.467108	19357774.303680	22272891.753597	12129967.517346	11797398.303240	6486687.218487	10739118.690251	4174159.080507	6248407.624826	2263944.014435	-210781.512139	2720619.233641	2500780.437072	3333485.326520	-1088128.625179	-3419633.497181	-1371481.126188	-1607519.487861	-846168.140967	505118.122284	667792.393742	897630.948626	1593391.443938	170632.815487	-308767.986123	-477773.595323	-3580.433965	128214.749424	99589.596709	196831.159449	85500.273544	170117.598261	-93996.297832	-81325.101704	-70032.057840	66790.428956	44680.225943	-19930.979536	-9070.892696	28655.499937	-6749.075499	-3065.948395	136.918567	
168503133.504566	190506020.445418	124861364.272808	604770054.665778	340858917.341316	176828459.776740	143717695.874616	215819207.761244	81564328.381097	51033048.247960	50907803.249231	34153698.034880	17028017.651819	17043747.729711	12598801.402601	7384755.132255	7500996.408746	6289823.573215	8721947.057716	4132872.005289	4686202.853798	3648490.097778	2236242.748531	327895.423209	-625820.984249	217244.045251	1577377.400992	2375361.743544	865578.972780	-814152.762539	208134.251846	758179.615670	974098.991781	294326.158634	-228348.267692	123320.646029	268292.024229	232002.891397	20897.940603	184663.264248	-11727.492052	9679.088347	-28533.631615	-44858.733548	-73295.398473	-69829.486830	-12222.645197	-1317.709384	2007.324697	-11853.571184	3626.404422	15160.586154	5210.376141	158199730.663726	154471373.950070	98481337.830306	600484083.740280	334814110.351638	181427641.168880	152814083.495638	235558919.972753	105471610.402934	67478724.097585	77422426.266708	53236820.968401	30159881.560254	28396855.134600	22934591.530382	15525531.416069	16270286.693168	9664040.514340	12076634.772799	3367954.353964	3990965.526186	3245533.735098	1690985.523805	1852224.322064	45007.335091	-1279423.282512	1021678.394254	2544213.518797	1272202.444564	-628013.386811	1072958.191530	517449.245946	936189.678472	464589.594970	-171188.732648	-97710.625577	221231.368254	322229.414092	115528.895251	126396.887581	-43097.126495	-75380.697674	-9727.814963	-15651.729326	-164511.325272	-73797.700491	-14818.048588	-10159.606610	-30781.280616	-17865.594786	-10613.910591	18275.821368	-10726.450430	
112711328.506326	195344573.539985	203839750.589211	340858917.341316	306400123.456440	242044716.560141	185793892.304322	174974913.992758	115346955.837241	81137046.450729	48061555.082541	41712595.724836	23721280.306920	21672633.721245	14490698.247103	9658297.547375	9676967.431258	7746571.866261	8582414.883467	5148548.551436	5173001.067803	6001837.705884	4327542.265263	2685811.354649	730235.509177	78166.680243	716073.515187	1160141.655769	3229.718742	-137195.070507	296455.478524	326096.371195	871043.521640	-34240.121403	-204379.199470	35131.436399	214322.978304	131162.554257	33803.603491	93172.463038	-13820.546684	18391.656437	22607.111018	-20258.013986	-16407.319723	-11522.861782	-15074.892368	6307.532640	-3571.643440	-4393.594703	-196.158291	8594.295407	2947.687034	101246430.807670	175340629.044459	187149393.152458	331268775.194030	303050069.370600	246825372.697844	197237950.918408	186345060.368778	136213006.404491	96154682.706745	68349886.092449	55989772.862161	34393759.768858	29351530.587139	20448094.681194	14771583.604825	14533663.060730	8375143.966103	9303699.713436	3722159.397858	4470716.545418	6497554.360764	4609953.972448	4311610.691848	1275157.127070	-1374281.817363	-193756.125280	1047848.628963	466050.982456	271761.296942	737931.052821	49420.999267	944588.639378	107578.405073	-308820.863851	-68000.687512	233067.957133	175882.341338	86792.704546	69572.493487	-45521.566261	10580.370594	39647.319491	-29019.983778	-70242.044362	1824.940148	-36912.024142	-5687.056217	-13495.801239	-16838.070069	-16598.449393	1925.086998	-9956.564959	
63361784.875217	161970028.540893	268307349.424919	176828459.776740	242044716.560141	315088939.270498	220201168.797946	131027456.464917	161675625.895244	98752069.941957	56585266.241258	41554391.757450	31072363.694588	19240031.475667	14900660.402931	9891829.538248	10490486.660081	10381674.145061	8608535.153022	6346606.746125	4741784.016198	6107323.564298	5352019.450879	3915642.144657	999431.361371	-84994.409941	815018.651959	1039375.408158	-368966.604783	-13721.773735	292529.886685	240479.813154	961838.892485	-230789.637998	-317334.376442	-79067.190386	202064.653586	119048.363295	44502.721381	70132.635499	-3246.040454	-152.645513	29883.715229	-20499.980171	12678.688498	37592.626644	-21402.909542	-340.294248	-9036.117992	-4554.717949	4110.697888	5848.312261	2117.112760	50957829.505580	157879735.505658	273632235.382729	170541051.862745	246268845.662353	327236970.443555	237339290.283569	139635313.010149	181360905.260551	113956266.824107	76015412.178323	51100834.442095	42185773.416552	23637862.769014	18725870.745096	13208733.683604	13172836.686514	9768069.438450	7199759.039327	3973194.891125	2666727.009791	5857352.768651	4830743.460889	4838126.824157	1450005.087106	-1082512.664647	-114166.559186	499078.627472	58494.463014	740783.632431	341190.498938	-94213.710690	979064.249799	-403977.303234	-619208.418202	-288843.251397	175903.519602	82515.710247	53688.687885	51412.659889	8513.851069	-10670.466180	21205.679337	-78968.495153	-32147.627926	52566.226973	-42723.192507	-26316.457660	-9303.160101	-20868.998960	-9546.351946	-13812.612907	-10720.331875	
36892665.955471	78189979.653023	116549147.113069	143717695.874616	185793892.304322	220201168.797946	280211757.532875	145494908.847865	164529208.310272	155837601.048277	91990590.792119	63488383.427198	43316878.816167	28859045.319793	18560730.171255	11966852.181806	11315177.953373	8361535.224588	6885380.081848	3475443.922346	4995245.375717	6513213.358941	5575254.433415	4294357.276613	2133510.642785	1414054.468210	1595689.795834	937069.337433	-160237.062776	139636.135665	141468.642910	203679.786985	192211.762716	-280550.804054	-34460.651809	133178.557698	323420.644264	132657.988399	72662.211495	34672.527758	-105113.166426	-25948.814645	42318.491117	-51723.042502	-17683.946414	5757.699468	-30495.620370	294.020188	-14972.674049	-10127.868697	-13769.785586	-11373.414485	-9983.056443	32468691.028139	81705902.534738	128836236.577430	145802096.702185	195605556.237948	234466801.661664	298213791.455609	154210426.307164	180047936.527070	169272699.323143	112197555.705709	75555413.767032	55382190.738026	36816066.649960	21629135.900662	12805383.125441	12511131.394521	7688706.063900	5859184.441495	2409798.763922	4513157.952390	7031650.940938	5897300.839455	5080141.410965	1691695.930039	-169279.175685	1038410.609559	1072512.827885	-8610.211145	308208.602126	-31033.943081	-337817.598527	126591.658363	-363378.040719	-94704.182088	212663.488540	483726.894629	120335.125526	30997.819724	-34002.808826	-141678.212744	-45338.080119	36421.060877	-101717.414004	-61616.793592	15435.015553	-55662.078119	-2331.178540	-23499.263953	-37095.340067	-25495.617596	-25094.470226	-22651.123436	
38910112.224639	62957270.396751	65794608.014630	215819207.761244	174974913.992758	131027456.464917	145494908.847865	355800575.332477	203971664.061221	123771668.717200	126143003.437455	90088560.679206	35998439.335037	37399431.401442	22154061.619027	14644147.086999	11856762.836072	9373139.714676	9863159.979136	2880282.366093	935290.853416	3287585.750643	4619241.059573	1469430.800889	-64081.656002	716774.981982	658968.429779	971657.144408	743304.113845	-23689.548405	277764.615242	859979.496500	676009.855542	-348969.682867	63632.904447	345841.762768	88258.812684	229790.092318	-26206.683079	41548.742273	-3924.528237	61116.115365	59729.798512	-64215.647888	-84242.240847	-34014.592080	-48466.063816	-11028.912667	-1519.831782	-12922.210671	-10572.636732	-11310.258821	-17810.756955	49573378.693508	60255793.019569	57426170.515543	227466650.851277	175387794.535942	130831561.211927	147572388.019333	377191383.047294	221280658.281955	132472302.855312	148436751.027549	108481355.946911	50953349.691325	56153828.801180	31983896.904914	21467247.358928	15773300.371746	11147607.547972	11093993.368218	2932927.099891	62192.524727	3431951.901032	4460296.069800	2008100.735272	-584624.074899	-547983.153259	85963.588406	928758.576615	722105.014442	409551.394597	726748.726965	303414.356956	529133.225163	-245781.705225	-66745.119078	383198.195050	3248.325748	134442.016130	-7543.924733	32258.015310	-37725.238311	84139.898915	76136.895070	-54543.843456	-147241.345838	-40517.284990	-58411.977845	-35518.151338	-39329.776923	-30236.181838	-25277.509957	-32215.797196	-36051.874620	
19239899.812614	43602796.291540	75109007.977416	81564328.381097	115346955.837241	161675625.895244	164529208.310272	203971664.061221	232830334.918161	146684122.806575	125792216.772484	80958672.325844	68632964.990416	29697010.330091	23880423.766993	12188522.931814	10946536.398885	9023789.194928	8315057.129872	1450675.299166	123532.592141	2538443.093853	3382377.288430	823327.257197	-305313.761196	-139468.028135	157670.017106	851946.218840	369125.193978	67314.329340	225260.888394	163067.762120	556153.117647	-387963.353853	-96150.787120	179686.691153	316502.435374	298448.256783	123078.779640	105599.483507	4354.407625	61929.631857	72298.434600	-83300.177358	-26489.426500	10293.170642	-37427.595236	-12878.555830	-3918.703122	1636.006057	-6331.013643	-5610.085406	-13522.726455	23426137.085761	50611236.630346	84769129.092080	91620032.953082	124954296.310706	173366146.899259	173911225.547418	218945722.307247	253450353.145650	157472680.870633	143347039.700138	94241361.860004	86811816.473556	42559595.061765	32663642.038510	17498256.691505	11648777.117825	9541155.190962	7378110.546498	631702.015221	-1159436.522997	1637255.486841	2076155.791782	317671.532673	-1152848.173426	-944971.533848	-12960.953376	1175579.443256	673311.674404	602261.188543	335725.695268	-112825.072983	533898.181401	-323674.349202	-251207.747061	221683.327893	303546.223673	188380.396842	160565.600130	110726.629828	-1819.579813	99839.292939	103693.353058	-125566.064184	-76043.868725	22713.140221	-62632.792180	-40696.657995	-23685.130676	-14916.422201	-14346.522829	-29651.572225	-31899.055571	
19008624.486981	35364741.010976	46220516.741763	51033048.247960	81137046.450729	98752069.941957	155837601.048277	123771668.717200	146684122.806575	199327174.133874	97269916.275357	119272927.591788	86712907.707021	47018520.454294	33080973.000959	15071326.261769	8807124.574609	5319001.482570	5440994.526064	788283.597041	447444.396181	3063265.948645	3387068.249087	1256465.496555	-57464.879445	-413992.221756	303768.345150	626231.240900	482795.841245	549596.224255	19425.985379	170710.383701	216764.016796	-91945.054645	192926.117786	332879.912160	443019.774321	262518.362399	207106.390466	140990.349055	-89891.573909	57749.622939	44182.682569	-54280.754589	-50281.039105	1209.695595	-14207.721250	2186.110419	-4078.097827	-3012.315669	-10647.203667	-13120.731675	-24393.921922	18500582.878371	43042359.540108	51975501.234219	52949913.310965	91397363.824679	106379784.594210	163757687.161515	134163733.680527	154920706.539732	208659264.732706	108129548.681599	130707386.787635	95972187.128837	60715120.846320	42062771.971517	19564068.897855	9554255.535022	5059192.554542	3621032.151123	116080.272752	-339545.125018	2873901.823697	2300483.286408	-1531.917550	-1905345.392044	-2287845.056032	-451175.050111	459863.522677	349042.090379	1092178.371976	336843.139378	-20503.700292	513054.912488	93063.959705	284602.196669	521493.243472	623331.300698	287594.219537	250506.943717	183113.221905	-102864.617387	64156.322077	51724.242245	-100169.826481	-110568.208181	2351.284653	-21469.271778	-25838.059569	-12433.237047	-26039.110067	-20546.737257	-26485.890889	-30766.483916	
15490891.700702	25943109.943977	32792860.384618	50907803.249231	48061555.082541	56585266.241258	91990590.792119	126143003.437455	125792216.772484	97269916.275357	217281014.432189	106606063.449017	100066397.582306	67577533.956726	41264360.734956	22280764.549080	12873476.743218	8725139.075017	7578356.136467	1887224.842382	-80911.795438	429530.256480	495387.017471	98571.715185	-676625.470217	-645873.437415	-190414.284635	386061.914193	391836.902985	415749.687133	624662.519988	415159.652905	213709.675804	-83198.068311	-45193.241011	219531.990350	37315.035748	128335.949656	150769.905115	77265.448756	5836.864755	92565.932474	14370.126672	-77075.517393	-35433.386378	-4235.284890	-38302.014276	-9017.062214	-3947.531353	-5436.157731	-13541.970087	-13102.887800	-6969.712866	14077595.995525	28404740.973645	42034411.811093	54682462.783595	53350328.426943	66894367.671333	103981073.397215	134094172.407362	139159547.948054	105833875.747768	242051758.263045	121904484.324687	117430766.757922	85428169.814686	54762534.746848	32737498.753967	17599335.119650	10357964.814540	9639564.080381	2558951.428131	155266.121266	251060.361774	-460963.716274	-1536764.801215	-2292021.331179	-1440295.773197	251660.897678	1029026.063482	324305.543858	826185.259058	972784.442933	293948.332044	22502.113867	-65060.369156	34053.081674	330150.628377	68607.054192	-13005.887732	186145.813625	209959.313781	19923.698988	198527.766164	-24541.914153	-91295.123250	-39420.790815	2148.813634	-23766.892084	5165.428016	-18539.711590	-18295.384540	-23348.822997	-27703.001910	-19303.118802	
9181374.976665	16470461.573194	19312447.623392	34153698.034880	41712595.724836	41554391.757450	63488383.427198	90088560.679206	80958672.325844	119272927.591788	106606063.449017	155887151.789103	93963107.048493	91184638.538246	54084148.353745	28902558.664654	15316591.858839	9357803.247655	7801028.676826	3308812.577236	440771.423345	1617706.523926	2955433.402689	1496463.276369	466888.830578	46010.855902	-665488.402541	-342344.600265	369402.010642	542278.204225	77557.196632	637778.202798	342595.001123	-135353.757212	-3015.411596	108190.791763	147750.629375	-31247.109561	129690.262925	123492.197601	1423.810124	64111.333978	42031.111256	-22893.401971	-24661.754235	-5999.359348	-6114.878126	-10602.248709	9359.456141	-10215.746296	-14081.264220	-8919.536832	-15706.332080	9344063.499827	16720302.132885	15882444.837443	39948886.824858	50462367.671390	45226459.606842	71109617.014899	101658248.541452	87832879.433919	128168305.323917	119108985.734412	171909726.733410	102483465.803326	107049789.560761	67286522.263985	38396729.774491	21274541.276882	11570622.866665	7629956.258109	3425193.783447	220189.479209	2000408.522317	2255531.802105	155869.168383	-1267463.725950	-1497760.634617	-1309154.974297	-495767.216630	509391.553142	1389729.669554	438688.730334	806027.880862	762134.106920	149764.355255	41720.157160	192014.505963	274543.138119	-73771.168853	143989.189322	195419.184118	-38968.859489	78676.264000	21464.440522	-57577.011017	-65713.434585	-18587.959591	-37.073851	-31147.030358	-2204.905299	-25031.097208	-31625.081338	-26281.608767	-25458.368410	
7810544.200280	15030136.049862	19786040.866609	17028017.651819	23721280.306920	31072363.694588	43316878.816167	35998439.335037	68632964.990416	86712907.707021	100066397.582306	93963107.048493	154850233.804562	64818766.040596	76555912.278819	36481633.477372	18011709.361838	8519210.454889	6789898.785484	1447916.199745	476433.548877	1124611.460442	1221962.072434	857950.086622	128013.339762	-506246.836964	-553522.482569	350212.056952	192870.067921	-141454.474957	-339491.687403	299567.184593	-84229.829484	-251092.902292	-62858.849336	120030.960263	167856.916481	-14824.300758	152860.176612	90606.655139	-44511.363641	70495.514947	4821.389244	19631.776435	-13137.268578	-23259.916871	-14255.381990	-33052.253695	-15752.900667	-7731.985444	-15001.486835	-14666.284407	-14797.949165	6590521.594761	15344287.289100	23061234.431202	17014212.215269	31030657.749011	42017986.332398	55019972.132726	46128271.324774	85045964.645170	102726737.626381	112253142.592420	109324674.392326	174337005.296222	76639872.825766	91420536.319766	47745202.483431	24719632.886864	10253652.036071	6352412.739267	-680640.197905	-1271768.289412	-358152.104517	-737384.017826	-483803.438816	-1064809.771415	-857025.355253	-334127.616603	543779.565550	367185.429804	187564.987770	-218755.923503	525396.807237	63030.135620	-266536.276420	-70805.234822	169387.225848	269642.621300	-39007.418589	216814.292221	136484.222719	-67215.078483	153665.445411	256.577783	-41284.015385	-88228.853390	-32807.424043	-31040.827850	-57365.691261	-23082.574869	-19970.143458	-24191.792641	-31177.841803	-26709.252792	
5387841.115488	10206219.316999	10915677.541003	17043747.729711	21672633.721245	19240031.475667	28859045.319793	37399431.401442	29697010.330091	47018520.454294	67577533.956726	91184638.538246	64818766.040596	130154882.449869	72615564.389281	54442368.182280	26871084.118870	13771189.339040	7644369.277937	3764239.170777	819070.486949	1283281.516426	2875815.608747	2842383.724607	2089002.081886	1010389.687250	-40264.551279	-326173.787388	96084.401711	127720.597768	-71230.724438	603740.291345	115188.294240	20236.651113	22393.828947	146998.405289	86691.595416	-124132.218554	67989.020075	6207.992004	-41339.948582	36423.779946	9346.448983	-6325.846173	8818.084846	-24379.100472	-5574.970898	-16940.829949	-9226.141896	-10714.868881	-21050.174851	-7711.232986	-15427.330673	4869465.520158	9117126.075818	7688210.381183	17727203.883051	24490003.043586	21569223.315221	39780509.130901	50897816.439845	40808968.085482	59103263.923642	83020627.707455	105458874.216327	72677995.765708	146235202.749756	83018122.652316	63992962.932327	35276110.844874	18598952.406378	8590109.830666	3427486.261687	745156.814984	1869360.432350	2789319.305842	2375378.395257	1506724.031555	418484.207232	-582449.626876	-421656.197075	210179.552060	406376.682749	-285500.528941	557777.403631	304320.360423	15919.045833	132719.979939	183107.335504	216245.579418	-47107.595039	129867.551702	-746.838863	-113448.289361	40129.558653	7636.968369	-30405.806977	13995.728563	-56234.220540	6862.788142	-17556.186323	-19272.196994	-16822.350073	-40733.003372	-22105.610590	-19482.132564	
4876163.021697	7957324.057568	9614641.864917	12598801.402601	14490698.247103	14900660.402931	18560730.171255	22154061.619027	23880423.766993	33080973.000959	41264360.734956	54084148.353745	76555912.278819	72615564.389281	97947557.674563	59720535.224501	43726110.294206	19048866.719936	12146034.210970	4961822.934636	1881841.925721	778903.269158	1885098.519513	2099924.274564	728254.918598	-233382.033980	-531831.866451	-209014.806563	-50534.442067	-143621.720387	-66954.652888	348504.084017	-79409.481599	-57539.404890	133152.986932	140520.889493	119742.799383	36384.674010	87219.575649	17188.920428	-67332.293676	11087.899673	15117.463632	4069.595650	21293.307251	-16519.662337	-3606.790558	-24128.015967	-12478.164580	-7877.832251	-7055.982089	-4503.443955	-17998.645929	5987969.249111	7257996.335323	11507106.874636	16980098.333367	16765489.329289	18792985.167167	24362880.641338	32347313.204508	35833473.802177	44445954.268425	51867071.613382	68423004.256824	89984136.288586	84356373.716812	112674716.818280	69793276.031265	54718568.418510	25218068.409696	15439440.975941	4590806.388974	1081743.991574	615641.146463	1472053.965043	1461359.395461	178182.746761	-563114.036298	-631957.385607	-127306.994220	25019.142024	-105136.334527	-370323.981317	357489.357178	29478.300645	-66750.333002	234500.337751	188611.207629	253927.780202	119005.485749	109573.935246	-9137.934856	-73731.379216	52020.069556	2140.727683	-13245.202215	-10518.456459	-36072.502978	-3175.991889	-27288.634109	-15205.724321	-13144.714760	-21150.566978	-18619.545998	-29065.651438	
3101705.146240	4255374.070269	4626722.899816	7384755.132255	9658297.547375	9891829.538248	11966852.181806	14644147.086999	12188522.931814	15071326.261769	22280764.549080	28902558.664654	36481633.477372	54442368.182280	59720535.224501	80402540.834580	50675480.685760	31779782.487484	16618998.457230	8697370.483714	3922830.531348	3296280.636994	3798188.193965	3327565.066273	1214602.448218	631714.571070	-59022.418664	144153.005237	516555.087389	88919.252351	63158.463092	249045.041508	193731.989951	120313.298410	154796.626884	195009.782427	121300.142732	-16512.317289	56372.954606	16317.135923	-28131.424748	37942.678179	26346.035176	28887.111478	46813.684504	-30.982652	4026.591696	-2684.229240	4927.158422	1076.176823	1980.982392	1811.574285	-10154.230783	4465865.160189	5560750.908979	7142838.582024	9292885.280040	10644105.516715	12527328.862078	14397658.982833	19109675.129996	19185198.673880	21407695.512397	31633695.116783	37753086.383761	47606847.882215	62855453.396881	69618945.698730	91112824.326417	60168380.334165	39416069.102100	22629168.659046	11818494.150066	4902488.908382	4156299.371398	3879736.078052	2693862.406811	277954.215306	157265.136884	-353904.742676	195002.830541	359033.084293	35059.311525	-7481.839240	164746.959430	300425.059523	272942.323417	324865.168007	273031.139222	292946.077841	58092.646313	44750.935004	-2934.033947	-68963.022797	52609.130520	23174.603353	22305.222722	37613.367274	-5392.673242	2428.544135	10893.063429	4639.396639	879.617860	-7715.047343	-11687.656671	-15422.869703	
5319726.427169	7367619.809561	7709777.450390	7500996.408746	9676967.431258	10490486.660081	11315177.953373	11856762.836072	10946536.398885	8807124.574609	12873476.743218	15316591.858839	18011709.361838	26871084.118870	43726110.294206	50675480.685760	65872449.029008	42017444.014622	28967127.821416	12905407.960949	5882439.667014	3394011.875594	2914887.645566	2680745.053154	1069978.334404	437465.609167	92832.816931	564775.989451	1108389.397502	305888.187855	333815.721788	184890.301902	158810.732308	52415.471849	89547.463352	57328.245361	44688.891000	19602.656657	42803.104130	38079.341785	-29335.304515	35464.352315	32180.738513	36531.716114	37714.423999	17168.807095	12085.074700	3286.759364	12925.942695	341.539979	4197.202469	-3860.112010	-5929.573709	7424532.843629	8652595.908532	9962504.249652	11170650.578656	11573686.028673	12441514.099158	12796089.576518	15235975.100695	13870227.676658	12128245.343557	17692513.059285	23005432.783113	26491418.053215	34654747.305056	53525870.455187	58394269.145706	76053870.126542	49104539.095188	37390728.677296	18002707.993911	8292982.394229	3974355.220870	2477653.182709	2007315.315233	499502.494836	-77023.017247	-384852.293500	371228.819346	964266.583324	298370.953676	209898.485952	-25479.401940	102172.723983	78619.266300	108168.890103	66899.738757	-172.319840	29567.141664	-48187.265921	11017.878132	-78388.791998	30422.197396	10879.993490	42258.861380	30998.432776	6530.954981	924.241494	4737.671462	8178.171797	-5598.764362	-311.015555	-15088.756794	-11768.701440	
2175221.557686	3719050.718836	6505621.763579	6289823.573215	7746571.866261	10381674.145061	8361535.224588	9373139.714676	9023789.194928	5319001.482570	8725139.075017	9357803.247655	8519210.454889	13771189.339040	19048866.719936	31779782.487484	42017444.014622	55324165.952745	37658999.572560	23586519.495838	10218107.555599	4915431.045842	2977728.716914	2049585.432410	556499.006243	385864.905989	281157.646532	523891.606320	1051133.683534	501029.230121	364644.659370	83278.872758	164184.136335	79634.675611	-70533.985330	-50211.458818	89261.534194	25375.203738	70676.669571	46731.890362	14144.601285	-3057.061433	12511.553572	45349.177661	30562.045347	17334.553117	5840.292327	10005.001432	9439.769877	307.092009	2756.261275	-2085.595662	-869.386340	3410152.423651	4293226.144961	6926745.527262	8102303.675641	9464800.948612	12077628.822963	9362670.395779	11303638.725245	11303043.860398	7059514.160540	11436067.351451	13042617.276416	14313493.588669	19847523.219426	26458024.685163	38654800.836203	48161575.075380	62101835.853723	45019711.665421	29496756.263942	14800713.144112	6253032.504757	2724963.587725	1850672.637590	489811.038924	193837.672088	-68024.199405	166102.010109	860439.218276	488561.494324	186424.246643	-199441.884516	148780.978066	100855.930461	-136550.924937	-56442.627608	40118.285984	74084.646338	4831.450827	53055.663207	-46531.899682	-36787.110093	-32956.890408	32925.168912	192.142952	15048.801361	-2609.719705	2457.334719	-2424.570938	-14099.425138	-2783.660178	-12588.860623	-11707.951759	
2302953.928620	4321520.768454	6032736.075592	8721947.057716	8582414.883467	8608535.153022	6885380.081848	9863159.979136	8315057.129872	5440994.526064	7578356.136467	7801028.676826	6789898.785484	7644369.277937	12146034.210970	16618998.457230	28967127.821416	37658999.572560	49053032.856681	28977769.912235	16547037.123164	7416605.432813	3778934.836626	2488499.912135	567357.906125	387822.142097	403410.051279	588060.503823	951979.593873	438815.020521	509871.968552	307950.595508	197451.603836	93447.666361	-34029.932575	31459.586044	33023.518605	54610.125595	80645.352977	68296.477307	46255.661397	9546.949625	-5979.136692	19643.755427	19428.231368	19385.107682	5082.591719	8599.526075	7881.247049	-1110.369430	2145.754434	-822.490702	-1336.405252	3000736.316805	3442520.523895	4369053.871202	10051672.751647	9380391.290777	9216554.441970	6874541.441733	10314446.187467	9466308.692635	6427333.676508	7925644.657341	9107842.950196	9836488.133310	9343653.087839	17652373.758126	21439967.098772	35883846.167777	44243588.905176	58938916.617681	35511411.605370	22644943.739681	10882604.488648	5021139.070244	3402224.191940	1443929.601997	498876.821751	267268.499652	364374.461178	780511.485112	462995.668878	569221.871828	214424.628499	135946.398633	117851.675237	-109425.869780	44787.195920	-15125.201640	95643.427286	32872.326537	44883.653321	27178.132304	-36659.464116	-51980.774013	3040.378503	2643.893696	1655.296305	-2920.340623	-311.717957	-2924.771769	-18653.062255	-6698.757820	-10943.048696	-11126.140234	
566831.701406	2265792.409666	5193861.314333	4132872.005289	5148548.551436	6346606.746125	3475443.922346	2880282.366093	1450675.299166	788283.597041	1887224.842382	3308812.577236	1447916.199745	3764239.170777	4961822.934636	8697370.483714	12905407.960949	23586519.495838	28977769.912235	35590976.712434	23243021.889950	11105785.245921	4707661.338293	2317454.792276	797199.508919	575371.788360	245191.613702	73727.638208	312141.475224	286642.312840	340360.296984	191608.044748	170202.478712	140591.941201	-14469.329323	9434.091224	53177.791435	40695.554155	42302.006047	65066.158438	29637.135016	-46573.727074	-16851.934303	22324.250322	21817.414899	17782.227024	3816.844857	5593.933741	5915.974225	6737.637518	-3972.179323	1363.415109	-1048.492254	-116606.406268	230831.468672	2924996.372299	4827099.842005	4460873.492366	4851521.481673	1704278.406902	3193883.770070	727092.257899	-328005.089478	1698357.975361	3095343.046433	1481145.550352	2892972.073255	5694049.465998	10390579.535903	16171158.893169	28134960.761721	34671710.157922	41514148.174939	28766956.695889	15299185.520188	7063685.830023	3329911.060365	1531739.295468	716009.780579	193147.467972	-148890.325807	284945.536152	521151.372355	278834.699419	-27535.650798	113718.570104	216053.609430	-52173.013279	11448.774476	25003.944828	50659.011887	24076.908124	62152.103021	11818.554225	-80124.768288	-64866.995803	4090.412539	29972.492588	10712.049450	6302.027917	1252.712279	-4382.548138	-6067.297375	-7170.386709	-6976.113614	-11585.705083	
1114167.603879	1825552.050553	1974228.295405	4686202.853798	5173001.067803	4741784.016198	4995245.375717	935290.853416	123532.592141	447444.396181	-80911.795438	440771.423345	476433.548877	819070.486949	1881841.925721	3922830.531348	5882439.667014	10218107.555599	16547037.123164	23243021.889950	29607740.446180	18038444.358375	8029598.982889	3368134.937224	1367903.478959	1066386.269184	468932.580467	-49679.485277	257678.443852	375089.144164	254311.562642	145455.228439	142878.866605	116425.822203	62181.869051	25414.480830	66979.138099	81094.920373	26450.744470	45117.848960	53209.421633	-2831.019237	3096.502467	11657.514620	20785.145016	21269.532006	13429.607693	9716.090592	7353.934157	6015.885999	-6906.006439	670.700474	-1703.513163	-82258.126010	401764.051677	1703735.634327	3045374.532641	3883332.838008	4350123.776517	3697172.719913	48383.236270	-379082.315478	-869071.886248	525298.497750	165473.009280	288619.575889	11058.899246	1741543.421535	3613632.497529	7649531.187439	13160848.392712	21411670.379491	28112310.871927	35126918.376603	22997456.856075	11616833.122228	5224670.022079	2128958.558080	1301155.055353	506836.074130	-76625.986678	412117.093249	719341.052858	347939.645142	18048.378859	83003.947389	132734.171031	76713.034954	30034.827805	133647.095042	118800.317190	56892.281436	69798.866042	45144.227212	1633.645255	-14945.599172	13305.255241	37595.075341	17648.261931	12763.301998	10589.870955	3061.325255	2196.648141	-7138.822841	-736.676341	-6827.277884	
1819048.700276	3240768.149278	3629574.704285	3648490.097778	6001837.705884	6107323.564298	6513213.358941	3287585.750643	2538443.093853	3063265.948645	429530.256480	1617706.523926	1124611.460442	1283281.516426	778903.269158	3296280.636994	3394011.875594	4915431.045842	7416605.432813	11105785.245921	18038444.358375	22092693.347708	13828653.297172	5388065.857222	2075205.734537	1293060.496144	566163.951961	205924.935565	261027.730718	374270.750423	212891.952390	181120.805399	199020.826020	104196.291006	112893.483502	39576.546151	101611.151523	101995.508557	64135.688565	26407.584817	57776.972939	28232.100316	34204.576476	37105.742617	19972.203650	14895.136580	9906.956209	6669.149643	9237.557346	728.444283	-3781.102233	1921.155086	24.616618	1048562.043200	2262981.704483	4013596.419639	3105607.922040	5267540.318506	6470015.695863	6239489.253320	3224700.312433	2807054.166927	2699496.660507	822381.520461	1649479.235535	1162123.073719	857575.722753	206968.601955	2476859.688992	3622869.810467	5358380.938037	10202088.624877	14485072.698740	22038744.680029	27008206.939299	17915217.987961	8142574.774692	2757741.656109	1033948.669186	427969.495212	194222.161096	485049.360665	687257.688541	292171.522493	162004.081034	239853.878138	153953.754808	206798.202601	71076.049152	133105.138623	122392.262064	121716.910144	57053.184949	49389.623344	41353.328745	36801.984006	45284.579263	29445.960375	12728.532758	9510.969144	12274.326608	8897.403343	1511.118638	-4097.135345	3187.121501	-2185.205134	
2082879.814371	3213253.987170	3990136.257451	2236242.748531	4327542.265263	5352019.450879	5575254.433415	4619241.059573	3382377.288430	3387068.249087	495387.017471	2955433.402689	1221962.072434	2875815.608747	1885098.519513	3798188.193965	2914887.645566	2977728.716914	3778934.836626	4707661.338293	8029598.982889	13828653.297172	17636123.561947	9778805.635370	3486811.144473	1458689.915576	809759.411431	504232.213827	265205.422604	290034.589552	207169.781737	196910.807281	178425.404429	78218.439084	82886.981038	51157.227675	150868.929234	88536.916085	91248.257864	25243.817081	45700.535442	40174.801060	40582.861686	46909.347814	22317.326677	10039.522023	12915.737922	2848.557882	5717.289374	285.553988	1022.100993	3798.936491	1717.584163	1899076.251658	3277698.351134	5462826.253206	3123880.818865	4677124.815707	6258554.733125	6082580.586634	5637672.564090	4087614.762952	3465387.458814	763596.104392	2768086.368764	1233619.486137	2178707.167008	1177636.005271	3198653.096241	3279273.817468	3196110.128019	5241849.250043	6838669.713190	10728943.989755	17420391.833594	21393031.427338	12792438.266459	4817222.517811	1400461.311971	721691.345423	468395.521616	449790.559953	592475.498236	288156.714141	282761.274232	381482.374442	142123.875553	125048.857470	78576.869455	176583.128033	116163.794806	154130.487030	9995.244211	47034.232973	47441.730450	59641.226440	57144.483271	20281.760552	13245.550622	18866.565002	8730.232741	5451.225536	2946.814207	-270.016674	2642.311010	2736.644281	
1792447.694298	3091396.908316	4105939.318724	327895.423209	2685811.354649	3915642.144657	4294357.276613	1469430.800889	823327.257197	1256465.496555	98571.715185	1496463.276369	857950.086622	2842383.724607	2099924.274564	3327565.066273	2680745.053154	2049585.432410	2488499.912135	2317454.792276	3368134.937224	5388065.857222	9778805.635370	12902029.600683	6698201.115047	2117305.336307	690986.348446	478991.393454	251716.681749	98688.839777	130934.307256	100127.144260	43766.422985	50678.995310	69370.986557	65171.730824	95458.642106	59075.461470	66835.543077	8201.088738	36377.511441	28583.253369	34522.517192	33700.676882	24095.714657	6396.296750	7707.347745	8060.583540	3026.856695	688.321460	1587.132978	2585.151786	2600.583523	1456295.710585	3113296.232340	4968163.835656	-147392.856283	2359713.736086	4217245.217192	4328656.237016	1722316.645629	1330414.588509	590817.634986	-197534.309831	953104.623661	369764.202526	1953899.796889	1667358.764818	3403774.157401	3771770.814089	3058988.009427	3803436.870018	3169545.715852	4541735.778517	7376899.651449	12232123.190170	15356796.259221	8344789.037920	2850275.634835	863127.712063	540134.897420	212522.909729	192288.181278	166876.345136	146656.680395	179218.580994	70841.946921	74180.566381	38605.018690	103301.146891	90443.382648	130876.492528	-560.521963	41763.716891	49121.143016	53891.480309	45425.086437	28056.818266	16166.214634	20453.775461	15823.072954	9307.641700	5485.720087	1083.395941	1111.217228	4071.360898	
-251319.317294	-252761.505208	-80180.878912	-625820.984249	730235.509177	999431.361371	2133510.642785	-64081.656002	-305313.761196	-57464.879445	-676625.470217	466888.830578	128013.339762	2089002.081886	728254.918598	1214602.448218	1069978.334404	556499.006243	567357.906125	797199.508919	1367903.478959	2075205.734537	3486811.144473	6698201.115047	8770361.924430	4383568.086820	1238285.937955	507087.700604	269467.685961	106613.156420	147701.396637	149164.061011	14604.586831	-6638.382191	20130.836016	75952.867480	51381.068081	37148.942991	68209.130301	43490.009014	27640.666948	14442.362161	28468.864810	25813.899690	24291.665235	3696.390192	4141.035255	6048.147916	1531.190538	-300.298172	1463.279693	515.353940	851.555521	-197662.976314	-13785.913562	-332864.328937	-548474.421778	912168.047003	696985.322177	2397278.367273	408173.960581	-264372.370234	-373725.438093	-495981.690826	272983.147372	-33031.589506	1860423.780659	653867.020271	1388091.622855	1541422.462910	1121028.780709	1130988.731591	1081052.010555	1524758.729514	2512508.568991	4621822.671299	8339493.033704	10508625.761680	5697528.128613	1930709.459403	738117.774655	377339.579821	210706.213005	161618.431060	207257.049543	51863.368230	-90795.762157	-66110.344151	66310.212696	68006.351504	60090.036276	100382.546901	46040.410454	33432.518524	40746.255529	47071.979317	39658.596092	32398.554840	13795.837766	17577.386403	13466.298364	8713.583755	3310.281726	2770.787780	1776.843924	3519.879791	
-1014113.750258	-1754028.630349	-1920318.616037	217244.045251	78166.680243	-84994.409941	1414054.468210	716774.981982	-139468.028135	-413992.221756	-645873.437415	46010.855902	-506246.836964	1010389.687250	-233382.033980	631714.571070	437465.609167	385864.905989	387822.142097	575371.788360	1066386.269184	1293060.496144	1458689.915576	2117305.336307	4383568.086820	6471105.485235	3198051.173562	971337.404209	356643.990415	257575.540618	148333.267391	69278.658136	13298.709354	18623.688616	4263.098356	88338.683706	26396.587668	23539.975783	13101.650972	27521.695820	14348.799110	10896.510879	24966.759996	22184.369874	16753.585482	9220.130589	5294.736846	4857.385126	1714.652313	631.424534	1064.046715	188.463152	1409.002583	-760758.685740	-2061042.088351	-3062556.360839	826057.423433	-227200.658211	-1155755.385377	670064.907894	1025818.631892	-747611.475222	-1486653.475584	-670900.949538	-812618.273457	-932835.923584	84156.392708	-740703.652279	-168175.586642	23612.869682	-147608.024762	-84312.005608	147177.879720	817967.714222	1336426.577909	1731711.037926	3049880.132305	5625798.130482	7825207.154105	4179169.860438	1328633.909700	383522.408708	296885.819455	133068.409843	121924.772846	52284.264026	-31162.075105	-89442.223441	122140.048725	74277.047773	59070.689658	30844.442751	33429.554834	10467.793293	23324.361251	46708.025245	29672.572006	23368.918084	12441.962009	9638.971327	13122.181465	4501.606557	3207.060446	3466.012999	2922.767870	2531.129794	
